========================================
FORWARD RF := 53 7 52 57 19 50 16 56 25 46 55 21 28 8 27 35 17 42 48 54 4 3 5 29 44 2
6 23 34 32 6 14 41 12 20 11 38 37 45 49 30 13 2 15 9 36 51 47 22 39 18 24 10 31 33 40
 1 43                                                                               
----------------------------------------
FORWARD LDA := 53 52 56 7 25 8 5 21 46 42 57 37 27 4 16 18 20 33 54 49 55 14 28 29 35
 30 38 47 41 51 43 9 10 36 12 3 26 31 39 48 44 22 50 32 34 13 40 1 24 19 2 11 17 15 6
 45 23                                                                              
----------------------------------------
FORWARD SVM := 53 7 52 25 57 46 16 21 5 8 23 42 34 19 1 27 24 55 26 49 54 9 43 17 10 
41 35 20 51 50 31 3 47 38 2 4 32 18 33 39 29 44 12 40 56 30 11 6 14 13 48 45 37 36 22
 15 28                                                                              
----------------------------------------
BACKWARD RF := 53 7 52 56 25 5 46 27 19 16 28 12 21 23 37 49 10 41 51 48 33 22 54 55 
4 44 15 29 9 34 42 11 2 30 35 13 3 18 45 14 31 38 40 57 20 50 36 47 6 43 32 1 39 24 8
 17 26                                                                              
----------------------------------------
BACKWARD LDA := 52 57 7 25 24 23 16 21 46 8 45 5 42 27 12 44 37 49 22 33 18 34 50 13 
47 6 19 48 17 2 55 51 30 20 35 4 39 38 29 36 40 26 43 41 9 10 32 11 54 1 28 14 15 31 
3 53 56                                                                             
----------------------------------------
BACKWARD SVM := 53 7 52 25 57 46 5 27 42 16 9 24 23 8 55 19 17 35 49 44 45 11 3 4 33 
12 26 20 14 41 40 31 6 51 50 18 34 29 56 22 1 38 43 15 36 28 13 47 2 21 39 54 30 32 4
8 37 10                                                                             
----------------------------------------
KRUSKAL := 52 53 7 56 16 21 55 24 57 23 5 25 19 11 27 17 8 26 3 20 6 9 18 2 10 54 15 
37 30 1 28 29 35 13 31 46 42 32 36 34 33 14 12 39 41 44 48 22 51 43 4 45 49 50 40 47 
38                                                                                  
----------------------------------------
RFE RF := 7 25 53 52 55 16 46 21 27 5 57 56 19 37 26 50 45 42 24 17 12 23 28 8 18 36 
6 11 49 39 35 22 43 10 30 9 2 3 51 20 44 13 33 54 29 31 14 41 48 15 40 32 1 4 34 38 4
7                                                                                   
----------------------------------------
RFE SVM := 27 41 25 46 26 42 57 53 7 16 52 35 55 5 23 28 48 29 17 24 43 45 44 20 21 3
6 8 4 12 9 1 49 40 10 15 6 37 33 3 19 39 56 30 51 13 22 31 47 38 32 34 14 11 50 18 2 
54                                                                                  
========================================
