-2.171422 -1.190226 -2.134786 -2.102947 -3.181675
-0.3555959 -3.307891 -2.948986 -1.787468 -1.482764
-3.201338 -2.854186 -0.6980547 -1.725284 -2.917623
-2.841014 -1.780374 -2.280084 -2.217424 -3.74114
-0.02921895 -1.486384 -1.821355 0.1202449 -2.90087
-0.2896591 -3.021786 -0.9183996 -1.266828 -3.581696
-2.189126 -1.950704 -2.101722 -1.582171 -3.303683
-2.729226 -2.400567 -2.008809 -2.492537 -1.491368
-1.92213 -1.926571 -2.637014 -2.674762 -4.297824
-2.2092 -3.551574 -2.614642 -2.661911 -1.790611
-1.721375 -2.005457 -2.870176 -1.287665 -1.74706
-2.993815 -3.127771 -0.07636325 -1.683588 -0.7688523
0.1714656 -1.907334 -3.742631 -3.014674 -3.147976
-2.420698 -2.646815 -0.7797384 -2.825579 -1.150917
-1.083024 -0.884344 -1.121043 -1.970113 -0.6112423
-1.667196 -1.353859 -4.177682 -1.659783 -1.413409
-1.081077 -0.893399 -2.222419 -2.134327 -3.419522
-2.799055 -1.636035 -0.8087608 -2.408369 -1.361829
-2.444515 -1.235938 -1.472715 -1.008247 -1.823077
-2.310495 -1.39891 -1.613688 -4.299627 -2.623559
4.241483 4.008181 3.006874 3.87258 3.820257
2.920548 4.717905 3.116839 3.536882 6.265698
4.804863 3.634529 5.249646 3.577169 6.780388
5.416899 3.881305 5.641949 3.158479 3.82727
5.110009 4.419293 4.292111 4.599839 3.718253
5.067217 3.329381 3.941002 5.701041 3.534581
4.30662 3.627176 3.680196 3.993281 5.654032
3.77006 3.876345 3.693021 2.538431 3.391327
4.539958 3.395663 5.305764 4.651881 4.610688
6.130426 4.558092 3.703222 5.030304 5.252374
4.127615 4.87322 5.510247 5.775434 3.511496
2.702079 4.32828 5.028562 3.451647 2.479155
4.071454 4.443964 4.439369 3.72792 3.546627
4.111272 2.375349 3.382986 5.272411 7.285618
2.426301 2.864026 3.665915 2.948577 3.471094
3.608321 4.336225 2.481957 4.634304 4.352063
3.879141 3.60722 3.335575 6.652001 2.316275
1.14375 3.175956 3.203179 5.443397 5.085644
2.749029 3.55635 5.222385 4.737838 3.331219
2.260131 2.94556 3.4168 3.793983 4.070458
0.7190978 0.8923273 0.9880641 1.487307 1.577003
1.740244 1.720313 1.545224 1.06588 1.663802
1.686755 0.9614559 1.502906 1.514002 1.313108
0.9344605 2.149046 1.678991 2.13909 1.56875
1.852691 1.541562 1.250413 1.411217 1.342045
1.591168 0.5253835 0.6848667 1.452015 1.116293
1.128296 1.585121 0.6313809 1.056273 1.854714
1.616457 1.945618 1.695474 0.9370757 1.012959
0.9014288 1.900699 1.977499 1.072567 1.36727
1.012004 0.5608316 1.130791 2.046229 1.644838
1.297774 1.81103 1.831155 1.40449 1.473275
1.503351 2.008861 0.8979888 1.917048 1.173406
2.209862 0.3987888 0.3851732 1.279952 1.140488
1.949086 2.017863 1.489471 1.771687 0.8824539
-0.05384829 2.217584 2.543611 1.407046 1.543179
2.494827 0.686948 1.043742 1.646058 1.701923
1.887031 1.102886 2.674558 0.8644885 1.482427
1.308705 2.069079 1.649269 1.426778 1.887125
1.282312 1.567462 1.618901 1.273809 1.234519
2.222089 0.7637515 1.169218 2.034692 0.8723715
-2.777262 -1.398623 -2.230328 -1.340447 -2.32012
-2.244911 -1.846422 -1.94069 -2.521474 -2.723384
-2.171385 -2.638843 -2.584641 -1.75111 -1.863722
-2.456155 -2.103005 -2.592232 -2.065042 -2.212302
-2.371565 -2.027772 -2.492532 -1.459189 -3.174937
-2.604708 -1.189373 -1.790896 -2.533529 -1.549501
-2.109429 -2.864352 -0.9041156 -1.558406 -2.409932
-2.417987 -2.401051 -2.167464 -2.008703 -2.104003
-1.99691 -1.835719 -1.962757 -2.123071 -1.110837
-1.94172 -2.559735 -1.830757 -3.116708 -2.205184
-2.113786 -1.874256 -1.808307 -2.361504 -2.182865
-1.867851 -1.672817 -3.217549 -2.10499 -2.277961
-2.235786 -2.286863 -1.425707 -1.907184 -1.92026
-1.592258 -2.300192 -2.03649 -0.9051176 -1.838852
-1.445479 -1.42653 -1.131652 -1.194087 -2.060574
-2.156322 -1.798952 -1.671907 -2.699981 -1.385866
-2.818415 -1.575764 -2.118191 -2.417912 -2.261352
-2.09744 -1.709576 -2.493754 -1.12449 -2.212391
-2.606508 -2.317374 -2.164283 -1.52816 -2.186079
-1.478193 -2.420633 -3.158306 -1.867001 -1.906865
